60,3
60,1
60,0
38,5
38,1
38,0
37,0
31,0
3,0
2,14
2,13
2,11
2,8
2,4
0,609
0,599
0,588
0,554
0,537
0,531
141,1
0,528
141,3
0,525
138,1
0,522
141,0
138,5292
0,520
0,517
138,3
0,516
0,512
138,0
131,7
0,502
131,6
0,501
0,498
103,1
0,496
103,3
0,493
134,1
103,0
0,491
134,134
0,488
134,3
0,485
0,483
134,0
0,480
133,1
0,479
133,3
0,477
0,475
0,474
133,0
0,473
0,472
0,471
95,1
0,470
95,3
131,1
0,469
95,0
131,9
0,467
0,466
131,3
129,6
0,442
0,440
129,8
129,5
131,0
0,432
129,7
129,4
0,423
129,1
0,417
129,3
0,410
129,0
2,12
2,6
2,9
0,408
0,407
1,1
1,3
0,406
0,402
1,0
0,401
4,1
0,400
4,3
2,1
0,390
4,0
0,369
2,7
0,362
2,3
0,322
0,314
2,0
0,243
111,1
111,3
0,445
0,446
111,0
0,9
0,310
0,305
0,444
0,308
0,304
0,303
0,302
0,307
0,430
0,12
0,429
0,10
0,8
0,0
0,426
0,300
0,425
0,299
0,424
0,298
0,297
0,422
0,296
0,421
0,295
0,309
0,294
0,419
0,293
0,418
0,292
0,439
0,291
0,416
0,290
0,415
0,289
0,414
0,288
0,413
0,287
0,412
0,286
0,411
0,285
0,433
0,284
0,409
0,283
0,282
0,281
0,405
0,280
0,345
60,4
60,5
68,7
68,1
78,3
83,0
83,3
83,21
83,23
83,25
83,32
83,65
83,67
83,68
83,70
83,71
83,73
83,74
83,76
83,78
83,79
83,81
83,82
83,84
83,87
83,88
83,90
83,91
83,93
83,94
83,96
83,99
83,101
83,104
83,106
83,109
83,112
83,113
83,115
83,116
83,118
83,119
83,121
83,123
83,124
83,126
83,127
84,0
84,3
86,0
88,0
88,1
89,0
91,1
91,3
92,1
92,3
92,5
94,0
94,3
97,1
97,3
99,0
100,0
104,0
107,1
107,3
110,0
114,0
115,1
115,3
116,1
116,5
116,6
117,1
117,3
120,0
121,1
121,3
122,0
122,1
122,4
123,0
125,0
126,1
126,3
126,8
126,9
128,0
128,3
128,4
129,2
130,0
131,8
132,0
132,1
132,4
132,7
133,5
133,6
133,8
133,10
133,11
133,13
134,4
134,6
134,8
134,9
134,13
134,14
134,18
134,20
134,33
134,42
134,56
134,72
134,74
134,83
134,102
134,104
134,106
134,128
134,130
134,131
134,133
136,0
137,0
138,90
138,91
138,140
138,198
138,214
138,266
138,267
138,292
138,320
138,330
138,337
138,339
138,502
138,504
138,507
138,510
138,570
138,573
138,574
138,641
138,643
138,644
138,646
138,647
138,649
138,650
138,652
138,654
138,655
138,657
138,658
138,660
138,662
138,663
138,665
138,666
138,668
138,669
138,671
138,673
138,674
138,676
138,677
138,679
138,681
138,682
138,684
138,685
138,687
138,688
138,690
138,692
138,693
138,695
138,696
138,698
138,700
138,701
138,703
138,735
138,791
138,802
138,803
138,806
138,807
138,810
138,811
138,814
138,818
138,819
138,822
138,824
138,827
138,830
138,832
138,835
138,837
138,840
138,841
138,844
138,848
138,849
138,852
138,854
138,857
138,860
138,862
138,865
138,867
138,870
138,871
138,875
138,878
138,879
138,883
138,884
138,887
138,890
138,892
138,895
138,897
138,900
138,902
138,905
138,908
138,909
138,913
138,914
138,917
138,921
138,922
138,925
138,927
138,930
138,933
138,935
138,938
138,940
138,943
138,944
138,948
138,951
138,952
138,955
138,957
138,960
138,963
138,965
138,968
138,970
138,973
138,974
138,978
138,981
138,982
138,986
138,987
138,990
138,993
138,995
138,998
138,1000
138,1003
138,1005
138,1008
138,1011
138,1012
138,1016
138,1017
138,1020
138,1024
138,1025
138,1028
138,1030
138,1033
138,1036
138,1038
138,1041
138,1043
138,1046
138,1047
138,1051
138,1054
138,1055
138,1058
138,1060
138,1063
138,1066
138,1068
138,1071
138,1073
138,1076
138,1077
138,1081
138,1084
138,1085
138,1089
138,1090
138,1093
138,1097
138,1098
138,1101
138,1103
138,1106
138,1108
138,1111
138,1113
138,1114
138,1117
138,1119
138,1122
138,1125
138,1127
138,1130
138,1131
138,1135
138,1138
138,1139
138,1142
138,1144
138,1147
138,1149
138,1152
138,1155
138,1157
138,1160
138,1161
138,1165
138,1168
138,1169
138,1173
138,1174
138,1177
138,1179
138,1182
138,1185
138,1187
138,1190
138,1192
138,1195
138,1198
138,1200
138,1203
138,1204
138,1207
138,1209
138,1212
138,1215
138,1217
138,1220
138,1222
138,1225
138,1228
138,1230
138,1233
138,1234
138,1238
138,1239
138,1242
138,1246
138,1247
138,1250
138,1252
138,1255
138,1258
138,1260
138,1263
138,1265
138,1268
138,1271
138,1272
138,1276
138,1277
138,1280
138,1282
138,1285
138,1288
138,1290
138,1293
138,1295
138,1298
138,1301
138,1303
138,1306
138,1307
138,1311
138,1312
138,1315
138,1318
138,1320
138,1323
138,1325
138,1328
138,1331
138,1333
138,1336
138,1337
138,1341
138,1342
138,1345
138,1349
138,1350
138,1353
138,1355
138,1358
138,1361
138,1363
138,1366
138,1368
138,1371
138,1374
138,1375
138,1379
138,1380
138,1383
138,1385
138,1388
138,1391
138,1393
138,1396
138,1398
138,1401
138,1404
138,1406
138,1409
138,1410
138,1414
138,1415
138,1418
138,1421
138,1423
138,1426
138,1428
138,1431
138,1434
138,1436
138,1439
138,1440
138,1444
138,1445
138,1448
138,1452
138,1453
138,1456
138,1458
138,1461
138,1464
138,1466
138,1469
138,1471
138,1474
138,1475
138,1477
138,1479
138,1480
138,1482
138,1483
138,1485
138,1487
138,1488
138,1490
138,1491
138,1493
138,1495
138,1496
138,1498
138,1499
138,1501
138,1502
138,1504
138,1506
138,1507
138,1509
138,1510
138,1512
138,1514
138,1515
138,1517
138,1518
138,1520
138,1521
138,1523
138,1525
138,1526
138,1528
138,1529
138,1531
138,1533
138,1534
138,1536
138,1537
138,1539
138,1540
138,1542
138,1544
138,1545
138,1547
138,1548
138,1550
138,1552
138,1553
138,1555
138,1556
138,1558
138,1560
138,1561
138,1563
138,1564
138,1566
138,1567
138,1569
138,1571
138,1572
138,1574
138,1575
138,1577
138,1579
138,1580
138,1582
138,1583
138,1585
138,1586
138,1588
138,1590
138,1591
138,1593
138,1594
138,1596
138,1598
138,1599
138,1601
138,1602
138,1604
138,1605
138,1607
138,1609
138,1610
138,1612
138,1613
138,1615
138,1617
138,1618
138,1620
138,1621
138,1623
138,1624
138,1626
138,1628
138,1629
138,1631
138,1632
138,1634
138,1636
138,1637
138,1639
138,1640
138,1642
138,1644
138,1645
138,1647
138,1648
138,1650
138,1651
138,1653
138,1655
138,1656
138,1658
138,1659
138,1661
138,1663
138,1664
138,1666
138,1667
138,1669
138,1670
138,1672
138,1674
138,1675
138,1677
138,1678
138,1680
138,1682
138,1683
138,1685
138,1686
138,1688
138,1689
138,1691
138,1693
138,1694
138,1696
138,1697
138,1699
138,1701
138,1702
138,1704
138,1705
138,1707
138,1709
138,1710
138,1712
138,1713
138,1715
138,1716
138,1718
138,1720
138,1721
138,1723
138,1724
138,1726
138,1728
138,1729
138,1731
138,1732
138,1734
138,1735
138,1737
138,1739
138,1740
138,1742
138,1743
138,1745
138,1747
138,1748
138,1750
138,1751
138,1753
138,1754
138,1756
138,1758
138,1759
138,1761
138,1762
138,1764
138,1766
138,1767
138,1769
138,1770
138,1772
138,1774
138,1775
138,1777
138,1778
138,1780
138,1781
138,1783
138,1785
138,1786
138,1788
138,1789
138,1791
138,1793
138,1794
138,1796
138,1797
138,1799
138,1800
138,1802
138,1804
138,1805
138,1807
138,1808
138,1810
138,1812
138,1813
138,1815
138,1816
138,1818
138,1819
138,1821
138,1823
138,1824
138,1826
138,1827
138,1829
138,1831
138,1832
138,1834
138,1835
138,1837
138,1838
138,1840
138,1842
138,1843
138,1845
138,1846
138,1848
138,1850
138,1851
138,1853
138,1854
138,1856
138,1858
138,1859
138,1861
138,1862
138,1864
138,1865
138,1867
138,1869
138,1870
138,1872
138,1873
138,1875
138,1877
138,1878
138,1880
138,1881
138,1883
138,1884
138,1886
138,1888
138,1889
138,1891
138,1892
138,1894
138,1896
138,1897
138,1899
138,1900
138,1902
138,1903
138,1905
138,1907
138,1908
138,1910
138,1911
138,1913
138,1915
138,1916
138,1918
138,1919
138,1921
138,1923
138,1924
138,1926
138,1927
138,1929
138,1930
138,1932
138,1934
138,1935
138,1937
138,1938
138,1940
138,1942
138,1943
138,1945
138,1946
138,1948
138,1949
138,1951
138,1953
138,1954
138,1956
138,1957
138,1959
138,1961
138,1962
138,1964
138,1965
138,1967
138,1968
138,1970
138,1972
138,1973
138,1975
138,1976
138,1978
138,1980
138,1981
138,1983
138,1984
138,1986
138,1987
138,1989
138,1991
138,1992
138,1994
138,1995
138,1997
138,1999
138,2000
138,2002
138,2003
138,2005
138,2007
138,2008
138,2010
138,2011
138,2013
138,2014
138,2016
138,2018
138,2019
138,2021
138,2022
138,2024
138,2026
138,2027
138,2029
138,2030
138,2032
138,2033
138,2035
138,2037
138,2038
138,2040
138,2041
138,2043
138,2045
138,2046
138,2048
138,2049
138,2051
138,2052
138,2054
138,2056
138,2057
138,2059
138,2060
138,2062
138,2064
138,2065
138,2067
138,2068
138,2070
138,2072
138,2073
138,2075
138,2076
138,2078
138,2079
138,2081
138,2083
138,2084
138,2086
138,2087
138,2089
138,2091
138,2092
138,2094
138,2095
138,2097
138,2098
138,2100
138,2102
138,2103
138,2105
138,2106
138,2108
138,2110
138,2111
138,2113
138,2114
138,2116
138,2117
138,2119
138,2121
138,2122
138,2124
138,2125
138,2127
138,2129
138,2130
138,2132
138,2133
138,2135
138,2136
138,2138
138,2140
138,2141
138,2143
138,2144
138,2146
138,2148
138,2149
138,2151
138,2152
138,2154
138,2156
138,2157
138,2159
138,2160
138,2162
138,2163
138,2165
138,2167
138,2168
138,2170
138,2171
138,2173
138,2175
138,2176
138,2178
138,2179
138,2181
138,2182
138,2184
138,2186
138,2187
138,2189
138,2190
138,2192
138,2194
138,2195
138,2197
138,2198
138,2200
138,2201
138,2203
138,2205
138,2206
138,2208
138,2209
138,2211
138,2213
138,2214
138,2216
138,2217
138,2219
138,2221
138,2222
138,2224
138,2225
138,2227
138,2228
138,2230
138,2232
138,2233
138,2235
138,2236
138,2238
138,2240
138,2241
138,2243
138,2244
138,2246
138,2247
138,2249
138,2251
138,2252
138,2254
138,2255
138,2257
138,2259
138,2260
138,2262
138,2263
138,2265
138,2266
138,2268
138,2270
138,2271
138,2273
138,2274
138,2276
138,2278
138,2279
138,2281
138,2282
138,2284
138,2286
138,2287
138,2289
138,2290
138,2292
138,2293
138,2295
138,2297
138,2298
138,2300
138,2301
138,2303
138,2305
138,2306
138,2308
138,2309
138,2311
138,2312
138,2314
138,2316
138,2317
138,2319
138,2320
138,2322
138,2324
138,2325
138,2327
138,2328
138,2330
138,2331
138,2333
138,2335
138,2336
138,2338
138,2339
138,2341
138,2343
138,2344
138,2346
138,2347
138,2349
138,2350
138,2352
138,2354
138,2355
138,2357
138,2358
138,2360
138,2362
138,2363
138,2365
138,2366
138,2368
138,2370
138,2371
138,2373
138,2374
138,2376
138,2377
138,2379
138,2381
138,2382
138,2384
138,2385
138,2387
138,2389
138,2390
138,2392
138,2393
138,2395
138,2396
138,2398
138,2400
138,2401
138,2403
138,2404
138,2406
138,2408
138,2409
138,2411
138,2412
138,2414
138,2415
138,2417
138,2419
138,2420
138,2422
138,2423
138,2425
138,2427
138,2428
138,2430
138,2431
138,2433
138,2435
138,2436
138,2438
138,2439
138,2441
138,2442
138,2444
138,2446
138,2447
138,2449
138,2450
138,2452
138,2454
138,2455
138,2457
138,2458
138,2460
138,2461
138,2463
138,2465
138,2466
138,2468
138,2469
138,2471
138,2473
138,2474
138,2476
138,2477
138,2479
138,2480
138,2482
138,2484
138,2485
138,2487
138,2488
138,2490
138,2492
138,2493
138,2495
138,2496
138,2498
138,2499
138,2501
138,2503
138,2504
138,2506
138,2507
138,2509
138,2511
138,2512
138,2514
138,2515
138,2517
138,2519
138,2520
138,2522
138,2523
138,2525
138,2526
138,2528
138,2530
138,2531
138,2533
138,2534
138,2536
138,2538
138,2539
138,2541
138,2542
138,2544
138,2545
138,2547
138,2549
138,2550
138,2552
138,2553
138,2555
138,2557
138,2558
138,2560
138,2561
138,2563
138,2564
138,2566
138,2568
138,2569
138,2571
138,2572
138,2574
138,2576
138,2577
138,2579
138,2580
138,2582
138,2584
138,2585
138,2587
138,2588
138,2590
138,2591
138,2593
138,2595
138,2596
138,2598
138,2599
138,2601
138,2603
138,2604
138,2606
138,2607
138,2609
138,2610
138,2612
138,2614
138,2615
138,2617
138,2618
138,2620
138,2622
138,2623
138,2625
138,2626
138,2628
138,2629
138,2631
138,2633
138,2634
138,2636
138,2637
138,2639
138,2641
138,2642
138,2644
138,2645
138,2647
138,2648
138,2650
138,2652
138,2653
138,2655
138,2656
138,2658
138,2660
138,2661
138,2663
138,2664
138,2666
138,2668
138,2669
138,2671
138,2672
138,2674
138,2675
138,2677
138,2679
138,2680
138,2682
138,2683
138,2685
138,2687
138,2688
138,2690
138,2691
138,2693
138,2694
138,2696
138,2698
138,2699
138,2701
138,2702
138,2704
138,2706
138,2707
138,2709
138,2710
138,2712
138,2713
138,2715
138,2717
138,2718
138,2720
138,2721
138,2723
138,2725
138,2726
138,2728
138,2729
138,2731
138,2733
138,2734
138,2736
138,2737
138,2739
138,2740
138,2742
138,2744
138,2745
138,2747
138,2748
138,2750
138,2752
138,2753
138,2755
138,2756
138,2758
138,2759
138,2761
138,2763
138,2764
138,2766
138,2767
138,2769
138,2771
138,2772
138,2774
138,2775
138,2777
138,2778
138,2780
138,2782
138,2783
138,2785
138,2786
138,2788
138,2790
138,2791
138,2793
138,2794
138,2796
138,2798
138,2799
138,2801
138,2802
138,2804
138,2805
138,2807
138,2809
138,2810
138,2812
138,2813
138,2815
138,2817
138,2818
138,2820
138,2821
138,2823
138,2824
138,2826
138,2828
138,2829
138,2831
138,2832
138,2834
138,2836
138,2837
138,2839
138,2840
138,2842
138,2843
138,2845
138,2847
138,2848
138,2850
138,2851
138,2853
138,2855
138,2856
138,2858
138,2859
138,2861
138,2862
138,2864
138,2866
138,2867
138,2869
138,2870
138,2872
138,2874
138,2875
138,2877
138,2878
138,2880
138,2882
138,2883
138,2885
138,2886
138,2888
138,2889
138,2891
138,2893
138,2894
138,2896
138,2897
138,2899
138,2901
138,2902
138,2904
138,2905
138,2907
138,2908
138,2910
138,2912
138,2913
138,2915
138,2916
138,2918
138,2920
138,2921
138,2923
138,2924
138,2926
138,2927
138,2929
138,2931
138,2932
138,2934
138,2935
138,2937
138,2939
138,2940
138,2942
138,2943
138,2945
138,2947
138,2948
138,2950
138,2951
138,2953
138,2954
138,2956
138,2958
138,2959
138,2961
138,2962
138,2964
138,2966
138,2967
138,2969
138,2970
138,2972
138,2973
138,2975
138,2977
138,2978
138,2980
138,2981
138,2983
138,2985
138,2986
138,2988
138,2989
138,2991
138,2992
138,2994
138,2996
138,2997
138,2999
138,3000
138,3002
138,3004
138,3005
138,3007
138,3008
138,3010
138,3011
138,3013
138,3015
138,3016
138,3018
138,3019
138,3021
138,3023
138,3024
138,3026
138,3027
138,3029
138,3031
138,3032
138,3034
138,3035
138,3037
138,3038
138,3040
138,3042
138,3043
138,3045
138,3046
138,3048
138,3050
138,3051
138,3053
138,3054
138,3056
138,3057
138,3059
138,3061
138,3062
138,3064
138,3065
138,3067
138,3069
138,3070
138,3072
138,3073
138,3075
138,3076
138,3078
138,3080
138,3081
138,3083
138,3084
138,3086
138,3088
138,3089
138,3091
138,3092
138,3094
138,3096
138,3097
138,3099
138,3100
138,3102
138,3103
138,3105
138,3107
138,3108
138,3110
138,3111
138,3113
138,3115
138,3116
138,3118
138,3119
138,3121
138,3122
138,3124
138,3126
138,3127
138,3129
138,3130
138,3132
138,3134
138,3135
138,3137
138,3138
138,3140
138,3141
138,3143
138,3145
138,3146
138,3148
138,3149
138,3151
138,3153
138,3154
138,3156
138,3157
138,3159
138,3160
138,3162
138,3164
138,3165
138,3167
138,3168
138,3170
138,3172
138,3173
138,3175
138,3176
138,3178
138,3180
138,3181
138,3183
138,3184
138,3186
138,3187
138,3189
138,3191
138,3192
138,3194
138,3195
138,3197
138,3199
138,3200
138,3202
138,3203
138,3205
138,3206
138,3208
138,3210
138,3211
138,3213
138,3214
138,3216
138,3218
138,3219
138,3221
138,3222
138,3224
138,3225
138,3227
138,3229
138,3230
138,3232
138,3233
138,3235
138,3237
138,3238
138,3240
138,3241
138,3243
138,3245
138,3246
138,3248
138,3249
138,3251
138,3252
138,3254
138,3256
138,3257
138,3259
138,3260
138,3262
138,3264
138,3265
138,3267
138,3268
138,3270
138,3271
138,3273
138,3275
138,3276
138,3278
138,3279
138,3281
138,3283
138,3284
138,3286
138,3287
138,3289
138,3290
138,3292
138,3294
138,3295
138,3297
138,3298
138,3300
138,3302
138,3303
138,3305
138,3306
138,3308
138,3310
138,3311
138,3313
138,3314
138,3316
138,3317
138,3319
138,3321
138,3322
138,3324
138,3325
138,3327
138,3329
138,3330
138,3332
138,3333
138,3335
138,3336
138,3338
138,3340
138,3341
138,3343
138,3344
138,3346
138,3348
138,3349
138,3351
138,3352
138,3354
138,3355
138,3357
138,3359
138,3360
138,3362
138,3363
138,3365
138,3367
138,3368
138,3370
138,3371
138,3373
138,3374
138,3376
138,3378
138,3379
138,3381
138,3382
138,3384
138,3386
138,3387
138,3389
138,3390
138,3392
138,3394
138,3395
138,3397
138,3398
138,3400
138,3401
138,3403
138,3405
138,3406
138,3408
138,3409
138,3411
138,3413
138,3414
138,3416
138,3417
138,3419
138,3420
138,3422
138,3424
138,3425
138,3427
138,3428
138,3430
138,3432
138,3433
138,3435
138,3436
138,3438
138,3439
138,3441
138,3443
138,3444
138,3446
138,3447
138,3449
138,3451
138,3452
138,3454
138,3455
138,3457
138,3459
138,3460
138,3462
138,3463
138,3465
138,3466
138,3468
138,3470
138,3471
138,3473
138,3474
138,3476
138,3478
138,3479
138,3481
138,3482
138,3484
138,3485
138,3487
138,3489
138,3490
138,3492
138,3493
138,3495
138,3497
138,3498
138,3500
138,3501
138,3503
138,3504
138,3506
138,3508
138,3509
138,3511
138,3512
138,3514
138,3516
138,3517
138,3519
138,3520
138,3522
138,3523
138,3525
138,3527
138,3528
138,3530
138,3531
138,3533
138,3535
138,3536
138,3538
138,3539
138,3541
138,3543
138,3544
138,3546
138,3547
138,3549
138,3550
138,3552
138,3554
138,3555
138,3557
138,3558
138,3560
138,3562
138,3563
138,3565
138,3566
138,3568
138,3569
138,3571
138,3573
138,3574
138,3576
138,3577
138,3579
138,3581
138,3582
138,3584
138,3585
138,3587
138,3588
138,3590
138,3592
138,3593
138,3595
138,3596
138,3598
138,3600
138,3601
138,3603
138,3604
138,3606
138,3608
138,3609
138,3611
138,3612
138,3614
138,3615
138,3617
138,3619
138,3620
138,3622
138,3623
138,3625
138,3627
138,3628
138,3630
138,3631
138,3633
138,3634
138,3636
138,3638
138,3639
138,3641
138,3642
138,3644
138,3646
138,3647
138,3649
138,3650
138,3652
138,3653
138,3655
138,3657
138,3658
138,3660
138,3661
138,3663
138,3665
138,3666
138,3668
138,3669
138,3671
138,3672
138,3674
138,3676
138,3677
138,3679
138,3680
138,3682
138,3684
138,3685
138,3687
138,3688
138,3690
138,3692
138,3693
138,3695
138,3696
138,3698
138,3699
138,3701
138,3703
138,3704
138,3706
138,3707
138,3709
138,3711
138,3712
138,3714
138,3715
138,3717
138,3718
138,3720
138,3722
138,3723
138,3725
138,3726
138,3728
138,3730
138,3731
138,3733
138,3734
138,3736
138,3737
138,3739
138,3741
138,3742
138,3744
138,3745
138,3747
138,3749
138,3750
138,3752
138,3753
138,3755
138,3757
138,3758
138,3760
138,3761
138,3763
138,3764
138,3766
138,3768
138,3769
138,3771
138,3772
138,3774
138,3776
138,3777
138,3779
138,3780
138,3782
138,3783
138,3785
138,3787
138,3788
138,3790
138,3791
138,3793
138,3795
138,3796
138,3798
138,3799
138,3801
138,3802
138,3804
138,3806
138,3807
138,3809
138,3810
138,3812
138,3814
138,3815
138,3817
138,3818
138,3820
138,3822
138,3823
138,3825
138,3826
138,3828
138,3829
138,3831
138,3833
138,3834
138,3836
138,3837
138,3839
138,3841
138,3842
138,3844
138,3845
138,3847
138,3848
138,3850
138,3852
138,3853
138,3855
138,3856
138,3858
138,3860
138,3861
138,3863
138,3864
138,3866
138,3867
138,3869
138,3871
138,3872
138,3874
138,3875
138,3877
138,3879
138,3880
138,3882
138,3883
138,3885
138,3886
138,3888
138,3890
138,3891
138,3893
138,3894
138,3896
138,3898
138,3899
138,3901
138,3902
138,3904
138,3906
138,3907
138,3909
138,3910
138,3912
138,3913
138,3915
138,3917
138,3918
138,3920
138,3921
138,3923
138,3925
138,3926
138,3928
138,3929
138,3931
138,3932
138,3934
138,3936
138,3937
138,3939
138,3940
138,3942
138,3944
138,3945
138,3947
138,3948
138,3950
138,3951
138,3953
138,3955
138,3956
138,3958
138,3959
138,3961
138,3963
138,3964
138,3966
138,3967
138,3969
138,3971
138,3972
138,3974
138,3975
138,3977
138,3978
138,3980
138,3982
138,3983
138,3985
138,3986
138,3988
138,3990
138,3991
138,3993
138,3994
138,3996
138,3997
138,3999
138,4001
138,4002
138,4004
138,4005
138,4007
138,4009
138,4010
138,4012
138,4013
138,4015
138,4016
138,4018
138,4020
138,4021
138,4023
138,4024
138,4026
138,4028
138,4029
138,4031
138,4032
138,4034
138,4035
138,4037
138,4039
138,4040
138,4042
138,4043
138,4045
138,4047
138,4048
138,4050
138,4051
138,4053
138,4055
138,4056
138,4058
138,4059
138,4061
138,4062
138,4064
138,4066
138,4067
138,4069
138,4070
138,4072
138,4074
138,4075
138,4077
138,4078
138,4080
138,4081
138,4083
138,4085
138,4086
138,4088
138,4089
138,4091
138,4093
138,4094
138,4096
138,4097
138,4099
138,4100
138,4102
138,4104
138,4105
138,4107
138,4108
138,4110
138,4112
138,4113
138,4115
138,4116
138,4118
138,4120
138,4121
138,4123
138,4124
138,4126
138,4127
138,4129
138,4131
138,4132
138,4134
138,4135
138,4137
138,4139
138,4140
138,4142
138,4143
138,4145
138,4146
138,4148
138,4150
138,4151
138,4153
138,4154
138,4156
138,4158
138,4159
138,4161
138,4162
138,4164
138,4165
138,4167
138,4169
138,4170
138,4172
138,4173
138,4175
138,4177
138,4178
138,4180
138,4181
138,4183
138,4184
138,4186
138,4188
138,4189
138,4191
138,4192
138,4194
138,4196
138,4197
138,4199
138,4200
138,4202
138,4204
138,4205
138,4207
138,4208
138,4210
138,4211
138,4213
138,4215
138,4216
138,4218
138,4219
138,4221
138,4223
138,4224
138,4226
138,4227
138,4229
138,4230
138,4232
138,4234
138,4235
138,4237
138,4238
138,4240
138,4242
138,4243
138,4245
138,4246
138,4248
138,4288
138,4290
138,4292
138,4293
138,4295
138,4296
138,4298
138,4300
138,4301
138,4303
138,4304
138,4306
138,4308
138,4309
138,4311
138,4312
138,4314
138,4315
138,4317
138,4319
138,4352
138,4354
138,4355
138,4357
138,4359
138,4360
138,4362
138,4363
138,4365
138,4366
138,4368
138,4370
138,4371
138,4373
138,4374
138,4376
138,4378
138,4379
138,4381
138,4382
138,4384
138,4385
138,4387
138,4416
138,4417
138,4419
138,4420
138,4422
138,4424
138,4425
138,4427
138,4428
138,4480
138,4482
138,4483
138,4485
138,4486
138,4488
138,4489
138,4491
138,4493
138,4494
138,4496
138,4497
138,4499
138,4501
138,4502
138,4504
138,4505
138,4507
138,4508
138,4510
138,4545
138,4546
138,4548
138,4549
138,4551
138,4553
138,4554
138,4556
138,4557
138,4559
138,4560
138,4562
138,4564
138,4565
138,4567
138,4568
138,4570
138,4572
138,4573
138,4575
138,4576
138,4609
138,4610
138,4612
138,4614
138,4615
138,4617
138,4618
138,4620
138,4622
138,4623
138,4625
138,4626
138,4628
138,4630
138,4631
138,4633
138,4672
138,4674
138,4675
138,4677
138,4679
138,4680
138,4737
138,4738
138,4740
138,4742
138,4800
138,4802
138,4803
138,4805
138,4806
138,4808
138,4810
138,4811
138,4813
138,4814
138,4816
138,4818
138,4819
138,4821
138,4822
138,4824
138,4825
138,4827
138,4829
138,4830
138,4832
138,4833
138,4835
138,4837
138,4838
138,4840
138,4841
138,4843
138,4845
138,4846
138,4848
138,4849
138,4851
138,4852
138,4865
138,4867
138,4868
138,4870
138,4871
138,4873
138,4875
138,4876
138,4878
138,4879
138,4881
138,4882
138,4929
138,4931
138,4932
138,4934
138,4935
138,4937
138,4939
138,4992
138,4994
138,4995
138,4997
138,4998
138,5000
138,5057
138,5058
138,5060
138,5061
138,5063
138,5065
138,5066
138,5068
138,5069
138,5071
138,5072
138,5074
138,5076
138,5077
138,5079
138,5080
138,5082
138,5121
138,5122
138,5124
138,5125
138,5127
138,5129
138,5184
138,5186
138,5187
138,5189
138,5190
138,5192
138,5194
138,5195
138,5197
138,5198
138,5200
138,5202
138,5203
138,5205
138,5206
138,5208
138,5209
138,5211
138,5213
138,5214
138,5216
138,5217
138,5219
138,5221
138,5222
138,5249
138,5250
138,5252
138,5253
138,5255
138,5257
138,5258
138,5260
138,5261
138,5263
138,5265
138,5266
138,5268
138,5269
138,5271
138,5273
138,5274
138,5276
138,5277
138,5279
138,5280
138,5282
138,5284
138,5285
138,5287
138,5288
138,5290
139,0
139,1
139,3
139,4
140,1
140,2
140,4
140,6
141,2
141,5
141,6
142,1
142,3
142,4
142,6
142,5
142,2
142,0
141,4
140,5
140,3
140,0
139,2
138,5291
138,5289
138,5286
138,5283
138,5281
138,5278
138,5275
138,5272
138,5270
138,5267
138,5264
138,5262
138,5259
138,5256
138,5254
138,5251
138,5248
138,5220
138,5218
138,5215
138,5212
138,5210
138,5207
138,5204
138,5201
138,5199
138,5196
138,5193
138,5191
138,5188
138,5185
138,5128
138,5126
138,5123
138,5120
138,5081
138,5078
138,5075
138,5073
138,5070
138,5067
138,5064
138,5062
138,5059
138,5056
138,4999
138,4996
138,4993
138,4938
138,4936
138,4933
138,4930
138,4928
138,4880
138,4877
138,4874
138,4872
138,4869
138,4866
138,4864
138,4850
138,4847
138,4844
138,4842
138,4839
138,4836
138,4834
138,4831
138,4828
138,4826
138,4823
138,4820
138,4817
138,4815
138,4812
138,4809
138,4807
138,4804
138,4801
138,4741
138,4739
138,4736
138,4678
138,4676
138,4673
138,4632
138,4629
138,4627
138,4624
138,4621
138,4619
138,4616
138,4613
138,4611
138,4608
138,4574
138,4571
138,4569
138,4566
138,4563
138,4561
138,4558
138,4555
138,4552
138,4550
138,4547
138,4544
138,4509
138,4506
138,4503
138,4500
138,4498
138,4495
138,4492
138,4490
138,4487
138,4484
138,4481
138,4429
138,4426
138,4423
138,4421
138,4418
138,4388
138,4386
138,4383
138,4380
138,4377
138,4375
138,4372
138,4369
138,4367
138,4364
138,4361
138,4358
138,4356
138,4353
138,4318
138,4316
138,4313
138,4310
138,4307
138,4305
138,4302
138,4299
138,4297
138,4294
138,4291
138,4289
138,4247
138,4244
138,4241
138,4239
138,4236
138,4233
138,4231
138,4228
138,4225
138,4222
138,4220
138,4217
138,4214
138,4212
138,4209
138,4206
138,4203
138,4201
138,4198
138,4195
138,4193
138,4190
138,4187
138,4185
138,4182
138,4179
138,4176
138,4174
138,4171
138,4168
138,4166
138,4163
138,4160
138,4157
138,4155
138,4152
138,4149
138,4147
138,4144
138,4141
138,4138
138,4136
138,4133
138,4130
138,4128
138,4125
138,4122
138,4119
138,4117
138,4114
138,4111
138,4109
138,4106
138,4103
138,4101
138,4098
138,4095
138,4092
138,4090
138,4087
138,4084
138,4082
138,4079
138,4076
138,4073
138,4071
138,4068
138,4065
138,4063
138,4060
138,4057
138,4054
138,4052
138,4049
138,4046
138,4044
138,4041
138,4038
138,4036
138,4033
138,4030
138,4027
138,4025
138,4022
138,4019
138,4017
138,4014
138,4011
138,4008
138,4006
138,4003
138,4000
138,3998
138,3995
138,3992
138,3989
138,3987
138,3984
138,3981
138,3979
138,3976
138,3973
138,3970
138,3968
138,3965
138,3962
138,3960
138,3957
138,3954
138,3952
138,3949
138,3946
138,3943
138,3941
138,3938
138,3935
138,3933
138,3930
138,3927
138,3924
138,3922
138,3919
138,3916
138,3914
138,3911
138,3908
138,3905
138,3903
138,3900
138,3897
138,3895
138,3892
138,3889
138,3887
138,3884
138,3881
138,3878
138,3876
138,3873
138,3870
138,3868
138,3865
138,3862
138,3859
138,3857
138,3854
138,3851
138,3849
138,3846
138,3843
138,3840
138,3838
138,3835
138,3832
138,3830
138,3827
138,3824
138,3821
138,3819
138,3816
138,3813
138,3811
138,3808
138,3805
138,3803
138,3800
138,3797
138,3794
138,3792
138,3789
138,3786
138,3784
138,3781
138,3778
138,3775
138,3773
138,3770
138,3767
138,3765
138,3762
138,3759
138,3756
138,3754
138,3751
138,3748
138,3746
138,3743
138,3740
138,3738
138,3735
138,3732
138,3729
138,3727
138,3724
138,3721
138,3719
138,3716
138,3713
138,3710
138,3708
138,3705
138,3702
138,3700
138,3697
138,3694
138,3691
138,3689
138,3686
138,3683
138,3681
138,3678
138,3675
138,3673
138,3670
138,3667
138,3664
138,3662
138,3659
138,3656
138,3654
138,3651
138,3648
138,3645
138,3643
138,3640
138,3637
138,3635
138,3632
138,3629
138,3626
138,3624
138,3621
138,3618
138,3616
138,3613
138,3610
138,3607
138,3605
138,3602
138,3599
138,3597
138,3594
138,3591
138,3589
138,3586
138,3583
138,3580
138,3578
138,3575
138,3572
138,3570
138,3567
138,3564
138,3561
138,3559
138,3556
138,3553
138,3551
138,3548
138,3545
138,3542
138,3540
138,3537
138,3534
138,3532
138,3529
138,3526
138,3524
138,3521
138,3518
138,3515
138,3513
138,3510
138,3507
138,3505
138,3502
138,3499
138,3496
138,3494
138,3491
138,3488
138,3486
138,3483
138,3480
138,3477
138,3475
138,3472
138,3469
138,3467
138,3464
138,3461
138,3458
138,3456
138,3453
138,3450
138,3448
138,3445
138,3442
138,3440
138,3437
138,3434
138,3431
138,3429
138,3426
138,3423
138,3421
138,3418
138,3415
138,3412
138,3410
138,3407
138,3404
138,3402
138,3399
138,3396
138,3393
138,3391
138,3388
138,3385
138,3383
138,3380
138,3377
138,3375
138,3372
138,3369
138,3366
138,3364
138,3361
138,3358
138,3356
138,3353
138,3350
138,3347
138,3345
138,3342
138,3339
138,3337
138,3334
138,3331
138,3328
138,3326
138,3323
138,3320
138,3318
138,3315
138,3312
138,3309
138,3307
138,3304
138,3301
138,3299
138,3296
138,3293
138,3291
138,3288
138,3285
138,3282
138,3280
138,3277
138,3274
138,3272
138,3269
138,3266
138,3263
138,3261
138,3258
138,3255
138,3253
138,3250
138,3247
138,3244
138,3242
138,3239
138,3236
138,3234
138,3231
138,3228
138,3226
138,3223
138,3220
138,3217
138,3215
138,3212
138,3209
138,3207
138,3204
138,3201
138,3198
138,3196
138,3193
138,3190
138,3188
138,3185
138,3182
138,3179
138,3177
138,3174
138,3171
138,3169
138,3166
138,3163
138,3161
138,3158
138,3155
138,3152
138,3150
138,3147
138,3144
138,3142
138,3139
138,3136
138,3133
138,3131
138,3128
138,3125
138,3123
138,3120
138,3117
138,3114
138,3112
138,3109
138,3106
138,3104
138,3101
138,3098
138,3095
138,3093
138,3090
138,3087
138,3085
138,3082
138,3079
138,3077
138,3074
138,3071
138,3068
138,3066
138,3063
138,3060
138,3058
138,3055
138,3052
138,3049
138,3047
138,3044
138,3041
138,3039
138,3036
138,3033
138,3030
138,3028
138,3025
138,3022
138,3020
138,3017
138,3014
138,3012
138,3009
138,3006
138,3003
138,3001
138,2998
138,2995
138,2993
138,2990
138,2987
138,2984
138,2982
138,2979
138,2976
138,2974
138,2971
138,2968
138,2965
138,2963
138,2960
138,2957
138,2955
138,2952
138,2949
138,2946
138,2944
138,2941
138,2938
138,2936
138,2933
138,2930
138,2928
138,2925
138,2922
138,2919
138,2917
138,2914
138,2911
138,2909
138,2906
138,2903
138,2900
138,2898
138,2895
138,2892
138,2890
138,2887
138,2884
138,2881
138,2879
138,2876
138,2873
138,2871
138,2868
138,2865
138,2863
138,2860
138,2857
138,2854
138,2852
138,2849
138,2846
138,2844
138,2841
138,2838
138,2835
138,2833
138,2830
138,2827
138,2825
138,2822
138,2819
138,2816
138,2814
138,2811
138,2808
138,2806
138,2803
138,2800
138,2797
138,2795
138,2792
138,2789
138,2787
138,2784
138,2781
138,2779
138,2776
138,2773
138,2770
138,2768
138,2765
138,2762
138,2760
138,2757
138,2754
138,2751
138,2749
138,2746
138,2743
138,2741
138,2738
138,2735
138,2732
138,2730
138,2727
138,2724
138,2722
138,2719
138,2716
138,2714
138,2711
138,2708
138,2705
138,2703
138,2700
138,2697
138,2695
138,2692
138,2689
138,2686
138,2684
138,2681
138,2678
138,2676
138,2673
138,2670
138,2667
138,2665
138,2662
138,2659
138,2657
138,2654
138,2651
138,2649
138,2646
138,2643
138,2640
138,2638
138,2635
138,2632
138,2630
138,2627
138,2624
138,2621
138,2619
138,2616
138,2613
138,2611
138,2608
138,2605
138,2602
138,2600
138,2597
138,2594
138,2592
138,2589
138,2586
138,2583
138,2581
138,2578
138,2575
138,2573
138,2570
138,2567
138,2565
138,2562
138,2559
138,2556
138,2554
138,2551
138,2548
138,2546
138,2543
138,2540
138,2537
138,2535
138,2532
138,2529
138,2527
138,2524
138,2521
138,2518
138,2516
138,2513
138,2510
138,2508
138,2505
138,2502
138,2500
138,2497
138,2494
138,2491
138,2489
138,2486
138,2483
138,2481
138,2478
138,2475
138,2472
138,2470
138,2467
138,2464
138,2462
138,2459
138,2456
138,2453
138,2451
138,2448
138,2445
138,2443
138,2440
138,2437
138,2434
138,2432
138,2429
138,2426
138,2424
138,2421
138,2418
138,2416
138,2413
138,2410
138,2407
138,2405
138,2402
138,2399
138,2397
138,2394
138,2391
138,2388
138,2386
138,2383
138,2380
138,2378
138,2375
138,2372
138,2369
138,2367
138,2364
138,2361
138,2359
138,2356
138,2353
138,2351
138,2348
138,2345
138,2342
138,2340
138,2337
138,2334
138,2332
138,2329
138,2326
138,2323
138,2321
138,2318
138,2315
138,2313
138,2310
138,2307
138,2304
138,2302
138,2299
138,2296
138,2294
138,2291
138,2288
138,2285
138,2283
138,2280
138,2277
138,2275
138,2272
138,2269
138,2267
138,2264
138,2261
138,2258
138,2256
138,2253
138,2250
138,2248
138,2245
138,2242
138,2239
138,2237
138,2234
138,2231
138,2229
138,2226
138,2223
138,2220
138,2218
138,2215
138,2212
138,2210
138,2207
138,2204
138,2202
138,2199
138,2196
138,2193
138,2191
138,2188
138,2185
138,2183
138,2180
138,2177
138,2174
138,2172
138,2169
138,2166
138,2164
138,2161
138,2158
138,2155
138,2153
138,2150
138,2147
138,2145
138,2142
138,2139
138,2137
138,2134
138,2131
138,2128
138,2126
138,2123
138,2120
138,2118
138,2115
138,2112
138,2109
138,2107
138,2104
138,2101
138,2099
138,2096
138,2093
138,2090
138,2088
138,2085
138,2082
138,2080
138,2077
138,2074
138,2071
138,2069
138,2066
138,2063
138,2061
138,2058
138,2055
138,2053
138,2050
138,2047
138,2044
138,2042
138,2039
138,2036
138,2034
138,2031
138,2028
138,2025
138,2023
138,2020
138,2017
138,2015
138,2012
138,2009
138,2006
138,2004
138,2001
138,1998
138,1996
138,1993
138,1990
138,1988
138,1985
138,1982
138,1979
138,1977
138,1974
138,1971
138,1969
138,1966
138,1963
138,1960
138,1958
138,1955
138,1952
138,1950
138,1947
138,1944
138,1941
138,1939
138,1936
138,1933
138,1931
138,1928
138,1925
138,1922
138,1920
138,1917
138,1914
138,1912
138,1909
138,1906
138,1904
138,1901
138,1898
138,1895
138,1893
138,1890
138,1887
138,1885
138,1882
138,1879
138,1876
138,1874
138,1871
138,1868
138,1866
138,1863
138,1860
138,1857
138,1855
138,1852
138,1849
138,1847
138,1844
138,1841
138,1839
138,1836
138,1833
138,1830
138,1828
138,1825
138,1822
138,1820
138,1817
138,1814
138,1811
138,1809
138,1806
138,1803
138,1801
138,1798
138,1795
138,1792
138,1790
138,1787
138,1784
138,1782
138,1779
138,1776
138,1773
138,1771
138,1768
138,1765
138,1763
138,1760
138,1757
138,1755
138,1752
138,1749
138,1746
138,1744
138,1741
138,1738
138,1736
138,1733
138,1730
138,1727
138,1725
138,1722
138,1719
138,1717
138,1714
138,1711
138,1708
138,1706
138,1703
138,1700
138,1698
138,1695
138,1692
138,1690
138,1687
138,1684
138,1681
138,1679
138,1676
138,1673
138,1671
138,1668
138,1665
138,1662
138,1660
138,1657
138,1654
138,1652
138,1649
138,1646
138,1643
138,1641
138,1638
138,1635
138,1633
138,1630
138,1627
138,1625
138,1622
138,1619
138,1616
138,1614
138,1611
138,1608
138,1606
138,1603
138,1600
138,1597
138,1595
138,1592
138,1589
138,1587
138,1584
138,1581
138,1578
138,1576
138,1573
138,1570
138,1568
138,1565
138,1562
138,1559
138,1557
138,1554
138,1551
138,1549
138,1546
138,1543
138,1541
138,1538
138,1535
138,1532
138,1530
138,1527
138,1524
138,1522
138,1519
138,1516
138,1513
138,1511
138,1508
138,1505
138,1503
138,1500
138,1497
138,1494
138,1492
138,1489
138,1486
138,1484
138,1481
138,1478
138,1476
138,1472
138,1467
138,1463
138,1460
138,1455
138,1450
138,1447
138,1442
138,1437
138,1433
138,1429
138,1425
138,1420
138,1417
138,1412
138,1407
138,1402
138,1399
138,1395
138,1390
138,1387
138,1382
138,1377
138,1372
138,1369
138,1364
138,1360
138,1356
138,1352
138,1347
138,1344
138,1339
138,1334
138,1330
138,1326
138,1322
138,1317
138,1314
138,1309
138,1304
138,1299
138,1296
138,1291
138,1287
138,1284
138,1279
138,1274
138,1269
138,1266
138,1261
138,1257
138,1253
138,1249
138,1244
138,1241
138,1236
138,1231
138,1226
138,1223
138,1219
138,1214
138,1211
138,1206
138,1201
138,1196
138,1193
138,1188
138,1184
138,1181
138,1176
138,1171
138,1166
138,1163
138,1158
138,1154
138,1150
138,1146
138,1141
138,1136
138,1133
138,1128
138,1123
138,1120
138,1116
138,1112
138,1109
138,1104
138,1100
138,1095
138,1092
138,1087
138,1082
138,1079
138,1074
138,1070
138,1065
138,1062
138,1057
138,1052
138,1049
138,1044
138,1039
138,1035
138,1032
138,1027
138,1022
138,1019
138,1014
138,1009
138,1006
138,1001
138,997
138,992
138,989
138,984
138,979
138,976
138,971
138,967
138,962
138,959
138,954
138,949
138,946
138,941
138,936
138,932
138,928
138,924
138,919
138,916
138,911
138,906
138,903
138,898
138,894
138,889
138,886
138,881
138,876
138,873
138,868
138,863
138,859
138,856
138,851
138,846
138,843
138,838
138,833
138,829
138,825
138,821
138,816
138,813
138,809
138,804
138,796
138,742
138,702
138,699
138,697
138,694
138,691
138,689
138,686
138,683
138,680
138,678
138,675
138,672
138,670
138,667
138,664
138,661
138,659
138,656
138,653
138,651
138,648
138,645
138,642
138,575
138,571
138,509
138,505
138,501
138,331
138,329
138,291
138,215
138,174
138,96
138,2
135,0
134,132
134,129
134,105
134,92
134,77
134,62
134,39
134,28
134,17
134,12
134,7
134,5
133,12
133,9
133,7
133,4
132,3
131,10
131,4
128,6
128,1
127,0
126,4
126,0
124,0
122,3
121,4
121,0
119,0
117,0
116,3
116,0
115,0
107,5
107,0
102,0
97,4
97,0
94,1
92,4
92,0
91,0
88,3
87,0
84,1
83,128
83,125
83,122
83,120
83,117
83,114
83,110
83,107
83,102
83,98
83,95
83,92
83,89
83,85
83,83
83,80
83,77
83,75
83,72
83,69
83,66
83,64
83,24
83,4
83,1
78,1
